,0,1,2,3
0,0.09386725481031523,0.41871551836143395,0.38593642713865106,0.10148079968959964
1,0.13346807706353034,0.4139183441904016,0.3522954325760507,0.10031814617001732
2,0.09798548092842584,0.40529879568963306,0.39078266948918,0.10593305389276117
3,0.09105573832933671,0.4007698368999617,0.403425106039867,0.10474931873083448
4,0.08122643009086235,0.4406818886294678,0.38041579188859764,0.09767588939107234
5,0.08174586493335466,0.4283247468247516,0.410093944167685,0.07983544407420877
6,0.07870353943166236,0.39882418010674475,0.4411307465200533,0.08134153394153966
7,0.08105940481027361,0.4301298091296361,0.3845635941441416,0.10424719191594865
8,0.07947821318912288,0.4214570058336794,0.3926307507047454,0.10643403027245217
9,0.07683688261519286,0.4155121385584527,0.40475411234992603,0.10289686647642846
10,0.08358543972929516,0.43408337442867195,0.37483536352217284,0.10749582231986017
11,0.08905426256931828,0.41718863231666325,0.3950467766230715,0.0987103284909469
12,0.08566247869606843,0.40718420605501376,0.4041430169417964,0.10301029830712136
13,0.08102969425372415,0.43033868261657254,0.384422640747834,0.1042089823818694
14,0.07920918559612641,0.4431373654913681,0.3757857484072726,0.10186770050523287
15,0.08709038817896422,0.4406650925732783,0.37764061241616603,0.0946039068315915
16,0.08980580410588473,0.3932262440636564,0.4194143629417439,0.09755358888871497
17,0.08243411267001638,0.41539176994363397,0.4074121747463786,0.09476194263997101
18,0.09683983994865202,0.39446655082132753,0.4060004164253115,0.10269319280470883
19,0.10172357951878735,0.4143599325572165,0.3790430925366787,0.1048733953873174
20,0.18993264184191155,0.36805598277478135,0.33672390630600085,0.10528746907730614
21,0.1174961420187333,0.30963354002530386,0.4982704816551755,0.0745998363007875
22,0.12643458835075708,0.4077750155474727,0.3664526928436065,0.09933770325816368
23,0.1418684787030202,0.38991598977886743,0.3566862111392472,0.11152932037886523
24,0.14104831804513598,0.3876618332698233,0.3546241604267801,0.11666568825826074
25,0.09797253170929016,0.4291306709851344,0.34937666638834347,0.12352013091723206
26,0.10972839751940935,0.4045197320436196,0.37004537986639446,0.11570649057057658
27,0.10153327488995441,0.38453235022429794,0.3994401073073881,0.11449426757835958
28,0.10280334937852807,0.39864825573349566,0.3922244927086041,0.10632390217937208
29,0.09284130198891398,0.4419630757394722,0.3659847646219904,0.09921085764962329
30,0.09453202123925115,0.40966366046928543,0.39360483316729417,0.10219948512416935
31,0.10725949509365595,0.40564154671784347,0.3710715902200049,0.11602736796849553
32,0.10725949509365595,0.40564154671784347,0.3710715902200049,0.11602736796849553
33,0.09970001046415675,0.39945894125104475,0.3938997899258584,0.1069412583589401
34,0.1277900189546935,0.3802292176103795,0.39056942259120414,0.10141134084372297
35,0.14145815817780477,0.36269362913750147,0.39222375803638493,0.10362445464830879
36,0.13188838709876563,0.3528941545556025,0.42219896683630537,0.09301849150932649
37,0.1311523626237611,0.4124544795157188,0.3638937710872883,0.09249938677323177
38,0.13994654798613046,0.3592108459011202,0.3626855124589657,0.13815709365378365
39,0.108563025212118,0.3674216611798653,0.38714308163628725,0.13687223197172946
40,0.10393246059275632,0.4240776868306086,0.35956148585220365,0.11242836672443136
41,0.10137589300497801,0.357658185593955,0.45366374904254425,0.0873021723585226
42,0.10809585003237157,0.4010776982668247,0.38983572407664946,0.10099072762415415
43,0.10263441864401257,0.3620983141416608,0.43566314558278946,0.09960412163153727
44,0.1011522014315656,0.3922454755420555,0.40843665591588285,0.09816566711049597
45,0.10655752098931619,0.3953698984615511,0.38428791057420664,0.11378466997492602
46,0.10039309154924037,0.3696266566161708,0.426149147985402,0.10383110384918677
47,0.10197268786210605,0.4035072389749481,0.38905527892461,0.10546479423833578
48,0.09969068096200713,0.42541557058930973,0.37178910959327544,0.10310463885540769
49,0.11977621905552827,0.4311108740681841,0.34902035085619937,0.10009255602008835
50,0.09145659691428455,0.3915232626803096,0.4181455263506326,0.09887461405477316
51,0.08138009676233217,0.4330265121026954,0.3820323632640759,0.10356102787089638
52,0.0870969825906842,0.4002577762656854,0.4079099323493459,0.10473530879428442
53,0.0862402839939724,0.41065106725094835,0.39940353170109777,0.10370511705398136
54,0.0832792823337498,0.461301775630013,0.36843524294083857,0.08698369909539858
55,0.08977809450012926,0.39547711480419684,0.4308656033345253,0.08387918736114872
56,0.10013559481812852,0.41240240726187477,0.4033511388469936,0.08411085907300318
57,0.1377017862814193,0.39452575915289,0.37321589135565447,0.09455656321003612
58,0.10531816850241257,0.3133659822370632,0.5042768263762656,0.07703902288425854
59,0.128877903499147,0.41024390675654177,0.3427943880103631,0.11808380173394822
60,0.14352499336391297,0.3530114619400293,0.3719594124895409,0.1315041322065168
61,0.10254282632801413,0.34704684691590443,0.4551167591764788,0.0952935675796027
62,0.1147974667839993,0.369868939629366,0.39711392568026255,0.11821966790637213
63,0.1140844977274704,0.3865700548948278,0.3757347214953349,0.12361072588236674
64,0.11311316110971563,0.38032482721271915,0.3840037304900388,0.12255828118752647
65,0.09753958673919688,0.3441235443914886,0.43649602768965606,0.12184084117965846
66,0.1650563353529123,0.3354709093323424,0.4036260482396752,0.09584670707507015
67,0.15488460286190356,0.39400821500279476,0.3531098095091459,0.09799737262615574
68,0.09378750744715975,0.4025471115433568,0.4086220319150101,0.09504334909447323
69,0.09794748971675417,0.4023667223004929,0.400426753261933,0.09925903472082
70,0.08493835363619721,0.3766776900469923,0.3631866534493794,0.17519730286743115
71,0.08075873447342208,0.45980515877186673,0.36473315273529505,0.09470295401941606
72,0.07565008359888513,0.35575270726381775,0.4877570064007253,0.0808402027365718
73,0.08598784214324566,0.40733651135340226,0.4022352689446442,0.10444037755870786
74,0.09279641009872432,0.42971917925339786,0.3710687757601979,0.10641563488767981
75,0.10215722770904247,0.3799793013012467,0.40742030118640143,0.1104431698033094
76,0.08726934264991774,0.4206592528208527,0.3871288304142571,0.10494257411497253
77,0.0870365259986561,0.41444253933186415,0.3938583257511997,0.10466260891827986
78,0.08490284038869407,0.44435741648392585,0.3766309714326061,0.09410877169477393
79,0.1030402847966586,0.40807292407046775,0.3931284698138516,0.09575832131902219
80,0.09865907572189536,0.4063214524249795,0.39298176608210095,0.10203770577102435
81,0.09241396628789857,0.446812371546296,0.36519493276640547,0.09557872939940004
82,0.09388709807182495,0.35557433281283785,0.453436259787478,0.09710230932785933
83,0.10092864118139884,0.4306983868768231,0.3639879782918595,0.10438499364991839
84,0.11074557156035371,0.4082695997149465,0.3734756728705816,0.10750915585411826
85,0.10718156120458024,0.4277029376937985,0.36145649100185273,0.1036590100997685
86,0.10836038331890925,0.3994764729572898,0.3778991978888529,0.11426394583494805
87,0.11566663441279824,0.39911708763988657,0.36510316458665415,0.12011311336066098
88,0.08519463988816502,0.3982962970897479,0.41008881935500197,0.10642024366708505
89,0.0999881654124552,0.37868062743311875,0.41456145221619667,0.10676975493822945
90,0.10175943945289072,0.39442966451598155,0.4087400877633182,0.09507080826780956
91,0.10585729145431111,0.3845870080295617,0.39504515861032163,0.11451054190580555
92,0.11672884236944613,0.37908146988717184,0.38898015586119594,0.11520953188218604
93,0.10742574440877185,0.3960308755546717,0.3832649930057782,0.11327838703077817
94,0.09336238020537038,0.3733222709468376,0.4230562871656911,0.11025906168210102
95,0.10011014743675387,0.3704323444297082,0.35716499027603565,0.17229251785750235
96,0.09442667377888755,0.42208917148826114,0.3803729573040782,0.10311119742877317
97,0.18490738694272904,0.3462175186586369,0.3648008031414306,0.10407429125720358
98,0.10657568943750682,0.3653859296836421,0.4069774116361253,0.12106096924272582
99,0.0845377994434854,0.41955376164065217,0.40107121368540344,0.09483722523045887
100,0.09237681451759681,0.388552621280575,0.4154392794729853,0.1036312847288429
101,0.09103170526314848,0.40842330958940226,0.39379527622671123,0.10674970892073811
102,0.09378771433228074,0.43411923400375413,0.36687897409708237,0.10521407756688268
103,0.0963475259763061,0.41033315763715217,0.3881106038994356,0.10520871248710617
104,0.10058177688471578,0.40071997478639726,0.3925289150052532,0.10616933332363372
105,0.17201291165464322,0.37180246362892866,0.34752107612172983,0.10866354859469833
106,0.07157598329441503,0.30106078105217515,0.4844749711872027,0.14288826446620717
107,0.13594759730949846,0.38949987855588514,0.3723707047931624,0.102181819341454
108,0.1364811330004506,0.3910284976042821,0.3699075304796242,0.10258283891564313
109,0.1354659466846708,0.36528183934101177,0.40371053446272626,0.09554167951159108
110,0.09943203094780749,0.37933371571811825,0.37940031564050697,0.14183393769356717
111,0.0978609639489711,0.34525737597937367,0.4465284836967813,0.11035317637487392
112,0.0925333315553932,0.35410815791112915,0.449160793615644,0.10419771691783372
113,0.08480608751671087,0.43542241228520484,0.37259465411590487,0.10717684608217941
114,0.09107284184832845,0.38455952293863366,0.432075301869035,0.092292333344003
115,0.0942806521205509,0.39521751470293404,0.41495873605991235,0.09554309711660294
116,0.1039290708942355,0.38844289715478886,0.38042947782719955,0.1271985541237762
117,0.10255643882442932,0.40337885482597857,0.39687886357959395,0.0971858427699982
118,0.0876118323108305,0.397785179680973,0.4118636449391201,0.10273934306907655
119,0.10236503548708346,0.3932273551980583,0.3970227933790121,0.10738481593584609
120,0.09103170526314848,0.40842330958940226,0.39379527622671123,0.10674970892073811
121,0.09032715197192996,0.3958020536574344,0.4079472905455761,0.10592350382505952
122,0.08991442008916747,0.39399351521422016,0.410652557169544,0.10543950752706817
123,0.08632570353098168,0.372146224857818,0.45721982088765395,0.08430825072354627
124,0.08068902708076332,0.40211739498735577,0.43291535344183624,0.08427822449004475
125,0.09064417467691689,0.3896453438115322,0.43502212013280883,0.08468836137874208
126,0.09726135145394917,0.3991170322467567,0.41275086250319304,0.09087075379610099
127,0.09197488766232485,0.4223724146076569,0.4018540307744506,0.08379866695556755
128,0.09504895465606299,0.3990381693146722,0.4031545291739161,0.10275834685534865
129,0.08325127734494558,0.4199900348359211,0.3908164710313271,0.10594221678780615
130,0.08681018399345146,0.4237073944824445,0.3850919919523767,0.10439042957172738
131,0.07879266348340286,0.4264473039730366,0.389244062896833,0.10551596964672764
132,0.07945001202929057,0.4216622895560188,0.3924914340025775,0.10639626441211299
133,0.07437618697598992,0.4109194560772112,0.433812227813458,0.0808921291333408
134,0.07997757823529593,0.41948558374513234,0.39887044356291174,0.10166639445666013
135,0.0774690784015442,0.3948459854447554,0.36753029824068323,0.1601546379130173
136,0.07993213570670066,0.4151107095353884,0.41209661382685875,0.09286054093105203
137,0.0799157510264776,0.42401744229076654,0.40322530052732997,0.0928415061554259
138,0.0896096071607734,0.43010487530502917,0.38407077177972104,0.09621474575447639
139,0.08413997800638823,0.38666873972144655,0.43779232531986245,0.09139895695230302
140,0.08669636702622378,0.3726751979103876,0.45053490099098026,0.09009353407240848
141,0.08691075867784089,0.41617176851785515,0.4025086925870703,0.0944087802172336
142,0.07390926388655882,0.4400546116370574,0.4096495611726735,0.07638656330371027
143,0.08264788522497644,0.438928204888907,0.39209969361261776,0.08632421627349886
144,0.09317557470011621,0.40989574552651376,0.3861795542045839,0.11074912556878627
145,0.08215945301291633,0.37756715541684327,0.36446124133141256,0.17581215023882787
146,0.08983157431800318,0.4036497834704372,0.3984949495896398,0.10802369262191981
147,0.08309510341332953,0.42107809545823277,0.3900833249851904,0.10574347614324742
148,0.07285415695688115,0.4383740535006724,0.4126769447142976,0.07609484482814885
149,0.07590002075473137,0.3938689399346647,0.44768157650879337,0.08254946280181041
150,0.07211094212588699,0.44659414397697966,0.40286648297666694,0.07842843092046636
151,0.07703191372964673,0.4088288004305113,0.4303587672873311,0.083780518552511
152,0.08258486294460869,0.39342334314794253,0.4177827725497224,0.10620902135772638
153,0.0874940993494479,0.40208274271174,0.40521031082897013,0.10521284710984197
154,0.08472649731161956,0.4314723570107327,0.37483785577583156,0.10896328990181611
155,0.0875114107645222,0.4190522747215014,0.38820265019153366,0.10523366432244269
156,0.08248912582464323,0.4200784722211405,0.39134650419876493,0.10608589775545123
157,0.198237453660097,0.36858658236122943,0.33720933671277264,0.09596662726590094
158,0.09799726894216687,0.4101096579266977,0.38717251352250254,0.10472055960863302
159,0.1323937957980559,0.3901529822601472,0.387561734712502,0.08989148722929498
160,0.1266726781424784,0.34864696773215015,0.4386733372488873,0.08600701687648415
161,0.0940845731012583,0.36857460379126716,0.44453432306642443,0.09280650004105022
162,0.08365178082631801,0.4418428761081027,0.38805197154448423,0.08645337152109493
163,0.09364286533467825,0.4177145797934952,0.3971905364041842,0.09145201846764227
164,0.07575358811400038,0.4200478093695864,0.41711624135403075,0.08708236116238244
165,0.07267789993560862,0.4803664354613859,0.359036486432582,0.08791917817042345
166,0.09259972976058098,0.4079065629679872,0.39296820119077724,0.10652550608065443
167,0.10142261480001616,0.3722265737292551,0.4305192739510326,0.09583153751969611
168,0.10483500715794276,0.38676400335466415,0.3999758543782936,0.10842513510909961
169,0.10218817974659523,0.3797914447552147,0.407543743146847,0.11047663235134306
170,0.09835425621436344,0.3927867881798799,0.4070285391983295,0.10183041640742707
171,0.10302425710291761,0.38226011352067085,0.4081632543756707,0.10655237500074076
172,0.09743137918254083,0.40866179368143746,0.38857281801553445,0.10533400912048735
173,0.0963917198034605,0.41497177633349264,0.38442648058199924,0.10421002328104773
174,0.11402632136673774,0.39345705465729863,0.37997443782687723,0.11254218614908634
175,0.1034464236068891,0.42743905758419365,0.3690678899957403,0.10004662881317697
176,0.09517314136056712,0.42236766867048764,0.3795665836627436,0.10289260630620149
177,0.1033634631336799,0.37801291754947336,0.4117204220029086,0.10690319731393823
178,0.08538989530053541,0.4577672119857048,0.3589207865489666,0.09792210616479333
179,0.1418684787030202,0.38991598977886743,0.3566862111392472,0.11152932037886523
180,0.2626738003815108,0.3027763985507992,0.320827517530078,0.11372228353761199
181,0.10317667006845452,0.38380749771132755,0.3893804351076563,0.12363539711256159
182,0.10019720270946997,0.38854220539480233,0.407632085198907,0.10362850669682075
183,0.11646782556927912,0.37823380764479825,0.40254485847158106,0.10275350831434157
184,0.09943470723062382,0.38558541950714165,0.4220809929508427,0.09289888031139178
185,0.10859659377064433,0.4106982810887666,0.3756973749294883,0.10500775021110059
186,0.10445396409713811,0.40608871566585253,0.36136566304423023,0.12809165719277915
187,0.10901335111515612,0.38502460969176344,0.3818892703324556,0.12407276886062484
188,0.09671115432642632,0.3412008018650757,0.44128203274660865,0.1208060110618895
189,0.10549077813481127,0.3721756641170931,0.40337660110597867,0.1189569566421169
190,0.09296752604329143,0.3678736976982275,0.4430075301693171,0.09615124608916387
191,0.09822473765353858,0.4045326572889328,0.3956541114821373,0.10158849357539144
192,0.10389400762357798,0.37745425936387006,0.3775205293086108,0.14113120370394125
193,0.09425398802324057,0.3325318213446588,0.3596062079850855,0.21360798264701505
194,0.09894206040999594,0.39620176595736034,0.40252579221945645,0.10233038141318732
195,0.1013948253440347,0.4060235727230326,0.38771445940746396,0.10486714252546873
196,0.07777046252568895,0.3249149100613108,0.5123915310600473,0.08492309635295289
197,0.10322909066709736,0.37952567428495615,0.40693391454647004,0.11031132050147643
198,0.09715772274642215,0.3887146952137626,0.4090894255468883,0.10503815649292678
199,0.08962695191618701,0.42677739165845124,0.3758180250308572,0.10777763139450437
200,0.09016113069218862,0.40665717459173784,0.3994615207952425,0.10372017392083109
201,0.1002225002505792,0.39691358399887977,0.39920924518549483,0.10365467056504624
202,0.10409551796416751,0.39108967094459446,0.3971544893581323,0.1076603217331058
203,0.09735785224446523,0.37736867660870416,0.4434958314907473,0.08177763965608337
204,0.10609588985591248,0.38545385285557077,0.3783451102943038,0.13010514699421297
205,0.10920551943365427,0.38869900161946813,0.3778039950837373,0.12429148386314016
206,0.10819395062219211,0.36617256187865393,0.3959859417751386,0.12964754572401532
207,0.17573253602401254,0.3621739718877191,0.3520224464802747,0.11007104560799356
208,0.1035047907487228,0.38404308047584623,0.41575069086482697,0.09670143791060395
209,0.09337163821413297,0.37335929036352444,0.44116582154707745,0.0921032498752653
210,0.0907981508205721,0.3717466841290444,0.44789044354404756,0.08956472150633597
211,0.08991275562568123,0.39921549273279894,0.41772999802120636,0.09314175362031352
212,0.09712374324368168,0.38431990267987415,0.42781653846998435,0.09073981560645991
213,0.10897075482340847,0.3688015848767212,0.38859707297340174,0.13363058732646854
214,0.10920551943365427,0.38869900161946813,0.3778039950837373,0.12429148386314016
215,0.10663738426586136,0.37622093618588903,0.40685244401371484,0.1102892355345348
216,0.10390838915689854,0.36659293281906796,0.42162726703116304,0.10787141099287044
217,0.10107570534959934,0.39177944342170956,0.4026077571235991,0.10453709410509196
218,0.09423428591203278,0.3944486935496385,0.4094394199644535,0.10187760057387521
219,0.09615032084403224,0.402468889897581,0.3974317447339515,0.1039490445244353
220,0.08677675576542228,0.406984925961617,0.40188808660110253,0.10435023167185825
221,0.08751178587915044,0.41904978450921837,0.3882043142087348,0.10523411540289641
222,0.0794337741389006,0.43017245475460214,0.3893095548820604,0.1010842162244368
223,0.09288335162150343,0.4088138360422088,0.4115224000678995,0.08678041226838831
224,0.09809072758768214,0.37765362104907785,0.4418624186722987,0.0823932326909413
225,0.09880551401023911,0.3913018592292491,0.414004360763922,0.09588826599658964
226,0.08654627622249705,0.3496261077705745,0.4702615972822514,0.09356601872467703
227,0.09637074699889847,0.42777566446549153,0.3838668270219112,0.09198676151369882
228,0.10346643581169959,0.3501727190083054,0.4410976057876226,0.10526323939237248
229,0.10664133170886501,0.37957219911205453,0.4052931984799625,0.10849327069911818
230,0.10910926771906883,0.35154198333419595,0.4389104082027337,0.10043834074400158
231,0.1140844977274704,0.3865700548948278,0.3757347214953349,0.12361072588236674
232,0.10910926771906883,0.35154198333419595,0.4389104082027337,0.10043834074400158
233,0.1136499105471191,0.3850974762929015,0.3911800503149359,0.11007256284504355
234,0.11247534976598031,0.3811175312987377,0.3751006845002989,0.13130643443498302
235,0.11341695349110495,0.3654210279977632,0.38503506412622635,0.13612695438490538
236,0.11341695349110495,0.3654210279977632,0.38503506412622635,0.13612695438490538
237,0.11311316110971563,0.38032482721271915,0.3840037304900388,0.12255828118752647
238,0.09901193918080374,0.46761488522719574,0.32609358969772106,0.10727958589427952
239,0.11311316110971563,0.38032482721271915,0.3840037304900388,0.12255828118752647
240,0.09843730432975838,0.34729072778291126,0.449158259512809,0.10511370837452129
241,0.10582384809847907,0.38097974410641594,0.40374856838630974,0.10944783940879531
242,0.09657025215000327,0.4138882137434911,0.3851384977738434,0.1044030363326623
243,0.10193826787414648,0.4037085798838022,0.388923956721607,0.10542919552044427
244,0.09997485988358927,0.4135274933197136,0.39871664921105565,0.08778099758564144
245,0.10240506424961376,0.38378005912592356,0.40790289905009786,0.10591197757436474
246,0.09469979931638661,0.3341046613315389,0.4808037127201698,0.09039182663190484
247,0.12103382069675735,0.39170290293474547,0.38639387123578983,0.10086940513270737
248,0.12292678900078144,0.4239655683926318,0.35652596311899426,0.09658167948759258
249,0.12253788423999817,0.3816704377972872,0.3995155549389531,0.09627612302376165
250,0.198237453660097,0.36858658236122943,0.33720933671277264,0.09596662726590094
251,0.12137827127409058,0.37569126652194346,0.3831320171041861,0.11979844509978001
252,0.11918883475747515,0.38695262594295665,0.3762210336132596,0.11763750568630857
253,0.10462928783008207,0.3801255842277299,0.37311510839720646,0.14213001954498167
254,0.10920551943365427,0.38869900161946813,0.3778039950837373,0.12429148386314016
255,0.11341695349110495,0.3654210279977632,0.38503506412622635,0.13612695438490538
256,0.10747120039305882,0.41746401995333665,0.35861957143811096,0.1164452082154936
257,0.10812184451820249,0.41414605055465403,0.3605819228177187,0.11715018210942468
258,0.09696965658415999,0.35702227517160784,0.44246154924144104,0.10354651900279126
259,0.10325925478764235,0.38017927850257904,0.4200894257219981,0.0964720409877805
260,0.10742417465683847,0.36356732530410246,0.3830818636236844,0.1459266364153747
261,0.10042025537413334,0.38940715343630394,0.4163529426517139,0.0938196485378487
262,0.0984642565009615,0.4238941634081495,0.3711909172825274,0.1064506628083617
263,0.09657025215000327,0.4138882137434911,0.3851384977738434,0.1044030363326623
264,0.09032032462647206,0.35769775914394153,0.45856852631137907,0.09341338991820738
265,0.09963309835501419,0.3743986926537136,0.4229231246884171,0.10304508430285504
266,0.10197268786210605,0.4035072389749481,0.38905527892461,0.10546479423833578
267,0.10025577112476415,0.3967133773365109,0.3993417707215454,0.10368908081717954
268,0.09742558713399889,0.38646026111891785,0.4097282276478064,0.10638592409927682
269,0.08627296269718289,0.41793613211478725,0.3944989992368001,0.10129190595122972
270,0.08788747515125536,0.3914557611868276,0.4195521730454565,0.10110459061646056
271,0.1328310978381581,0.3914416732752048,0.38451525235262546,0.09121197653401157
272,0.10193826787414648,0.4037085798838022,0.388923956721607,0.10542919552044427
273,0.10281589578274003,0.3627385727104397,0.4308082361222494,0.10363729538457082
274,0.09785029506495978,0.414270647124379,0.3866778298000644,0.10120122801059693
275,0.10148082784369497,0.35802839988167784,0.4355346820503107,0.1049560902243165
276,0.09682912635170689,0.34161701186591503,0.4614087729251541,0.10014508885722405
277,0.09032032462647206,0.35769775914394153,0.45856852631137907,0.09341338991820738
278,0.1016251489083828,0.3439410513534705,0.45104382313455554,0.10338997660359127
279,0.1016251489083828,0.3439410513534705,0.45104382313455554,0.10338997660359127
280,0.18005124186877608,0.3421078918265199,0.37177647924619817,0.10606438705850593
281,0.11193285171143108,0.37927930168029816,0.3875084324394365,0.12127941416883425
282,0.11132418456544038,0.35867828144499064,0.40300342319308363,0.12699411079648532
283,0.09187419686845494,0.4037688066158128,0.41374869310434437,0.09060830341138781
284,0.09663337027503612,0.32704683166750625,0.3544644426805201,0.22185535537693754
285,0.09290321993278199,0.3460602669160215,0.4674101042091705,0.09362640894202591
286,0.09964003321708756,0.3372226082785394,0.36853817307872316,0.19459918542564988
287,0.10374656667072873,0.3660220166468281,0.4347078343372177,0.09552358234522541
288,0.10582384809847907,0.38097974410641594,0.40374856838630974,0.10944783940879531
289,0.10139782530263174,0.373325879065888,0.4204060504123119,0.10487024521916834
290,0.10197268786210605,0.4035072389749481,0.38905527892461,0.10546479423833578
291,0.09711977805396475,0.39350356079546817,0.4043795270327201,0.10499713411784686
292,0.09315290020104078,0.4271600553207692,0.3789785404859302,0.10070850399225965
293,0.09741478957064852,0.43238169066092247,0.365410556968479,0.10479296279994994
294,0.09170430479557341,0.39261425513292625,0.4155429908554811,0.1001384492160194
295,0.09520605452104493,0.40286108613061966,0.40019501078178316,0.10173784856655209
296,0.09803093803694443,0.4050229038235693,0.3909639601257707,0.10598219801371546
297,0.10025577112476415,0.3967133773365109,0.3993417707215454,0.10368908081717954
298,0.10193826787414648,0.4037085798838022,0.388923956721607,0.10542919552044427
299,0.10134259375921141,0.3901734490190282,0.40367083497820866,0.10481312224355191
300,0.10624411907526791,0.39916202331831246,0.4053520236401284,0.08924183396629115
301,0.08890431802251259,0.3721383544799993,0.4428420069097637,0.09611532058772439
302,0.10435140688403134,0.4113918152927556,0.3763318041244967,0.10792497369871647
303,0.09447687376631152,0.3953771242865116,0.41894652801788845,0.09119947392928857
304,0.09333695611109558,0.378479602585766,0.4409815079351097,0.08720193336802864
305,0.09174216593007409,0.37061625054916275,0.448045796133087,0.0895957873876763
306,0.0909366284629777,0.3761425228605303,0.4441117525872291,0.08880909608926305
307,0.08340739303954056,0.3820510044711516,0.45308346062717714,0.08145814186213082
308,0.0795553503760371,0.4225043028603634,0.41484622701835994,0.08309411974523953
309,0.08044979893379398,0.41712785281152315,0.4149245107249829,0.08749783752970013
310,0.07703191372964673,0.4088288004305113,0.4303587672873311,0.083780518552511
311,0.06545692980997411,0.3643833290199114,0.4989682666653813,0.07119147450473312
312,0.08691823161090412,0.41438415636417303,0.41184844461629655,0.08684916740862635
313,0.08042154614431131,0.4173325489610234,0.41477879532223394,0.08746710957243141
314,0.07590002075473137,0.3938689399346647,0.44768157650879337,0.08254946280181041
315,0.07773825234730238,0.40340809844240755,0.43430491119138326,0.08454873801890701
316,0.07627999577994668,0.3958407491501961,0.44491652842572216,0.08296272664413516
317,0.07642423729881886,0.422633885687557,0.3985976085679319,0.10234426844569232
318,0.07727624475828732,0.42698596319698134,0.3922525494365017,0.10348524260822964
319,0.08586465155497663,0.4187927698729208,0.38970237110295136,0.10564020746915129
320,0.08245995200936904,0.4202835722674294,0.3912080972207838,0.1060483785024179
321,0.0817799123856137,0.42506444021354756,0.38798184010128134,0.10517380729955747
322,0.08245995200936904,0.4202835722674294,0.3912080972207838,0.1060483785024179
323,0.07810069616022594,0.4145011123056704,0.4028088767285879,0.10458931480551589
324,0.08245995200936904,0.4202835722674294,0.3912080972207838,0.1060483785024179
325,0.07302965722896926,0.42158435445441916,0.42595835558469347,0.07942763273191808
326,0.07978189633138282,0.406291820730877,0.4113220425322904,0.10260424040544977
327,0.0802756304243583,0.42604406539055834,0.39657007590007115,0.09711022828501216
328,0.07687612341279228,0.408001979892444,0.42212408584209715,0.09299781085266642
329,0.07645360508030632,0.3893423926713362,0.4453846173899703,0.08881938485838713
330,0.0736210962270835,0.39072668715633924,0.44659204451439005,0.08906017210218722
331,0.08837508961739789,0.37989139733559785,0.4398954762214377,0.09183803682556674
332,0.1015827665109655,0.3728143393154717,0.4311990868158052,0.09440380735775764
333,0.08968838837940936,0.3340851656627482,0.4807756568711459,0.09545078908669653
334,0.09901289558083023,0.36092717017879133,0.43425406897881935,0.10580586526155922
335,0.12034364106063908,0.3716135215267378,0.4018698985613956,0.10617293885122761
336,0.12741611308551903,0.38095433441007254,0.39198863689683044,0.09964091560757807
337,0.13009131310021443,0.3686526119743365,0.3990453395105259,0.10221073541492322
338,0.0963917198034605,0.41497177633349264,0.38442648058199924,0.10421002328104773
339,0.1007344814534436,0.4196162818827048,0.38222542128905546,0.09742381537479627
340,0.08976665932086458,0.4125263858039972,0.3982069851549882,0.09949996972015006
341,0.08788148861318817,0.43099799412965445,0.37666397863189377,0.10445653862526377
342,0.08976665932086458,0.4125263858039972,0.3982069851549882,0.09949996972015006
343,0.08779087483459161,0.39448009106705884,0.4121593104222416,0.10556972367610805
344,0.08767546704044417,0.4179631810880896,0.3889304076409574,0.10543094423050883
345,0.09359938208107996,0.37863705278625154,0.41520903231622786,0.1125545328164406
346,0.09148120502362694,0.3700684030742404,0.42844299587039425,0.11000739603173827
347,0.08632901700384349,0.3721221257035681,0.4572373705328515,0.0843114867597368
348,0.07847630285921511,0.3999796276896229,0.43957699525533933,0.08196707419582268
349,0.08506143733528485,0.4171675906704132,0.39666636561192614,0.10110460638237584
350,0.1027266468666712,0.2904021002105738,0.4469003274555233,0.15997092546723174
351,0.13515653243833714,0.39807247094764625,0.37500369259194277,0.09176730402207393
352,0.1274980579300755,0.38899956514796685,0.39301236973252207,0.0904900071894357
353,0.12760203998270112,0.42101303910484406,0.3647468947240297,0.08663802618842503
354,0.10446820137615202,0.39508523466431916,0.38154682489053643,0.11889973906899245
355,0.09720902657971674,0.3769547307730913,0.43501674936431983,0.09081949328287223
356,0.09267187360738939,0.3833200430460981,0.43350433950778716,0.09050374383872546
357,0.0973080821059072,0.4024968609094291,0.4051635723115357,0.0950314846731281
358,0.1029553802419157,0.3820045535443515,0.41776025929924815,0.09727980691448464
359,0.09798548092842584,0.40529879568963306,0.39078266948918,0.10593305389276117
360,0.0963917198034605,0.41497177633349264,0.38442648058199924,0.10421002328104773
361,0.08122643009086235,0.4406818886294678,0.38041579188859764,0.09767588939107234
362,0.08271255579731558,0.42121629639651287,0.409679384293467,0.08639176351270453
363,0.08176669550136167,0.4338873813450372,0.3791891135494052,0.10515680960419593
364,0.08759726717956809,0.4184823137462901,0.38858351124228785,0.10533690783185405
365,0.08260533172521037,0.4244903249017198,0.38778413092035124,0.10512021245271859
366,0.09114902452134864,0.37710571168192697,0.4221373193469665,0.10960794444975797
367,0.0885085887742701,0.41243247175638187,0.39262615499753534,0.1064327844718127
368,0.07972662571836969,0.41959767082218213,0.39898110338930565,0.1016946000701425
369,0.08745488320941874,0.3944510837115516,0.41748709051888316,0.10060694256014652
370,0.0889731810938255,0.4093482585221349,0.39468709731505025,0.1069914630689894
371,0.09803093803694443,0.4050229038235693,0.3909639601257707,0.10598219801371546
372,0.09891218908651123,0.4268222908852501,0.36856727042327025,0.10569824960496849
373,0.08406537607749626,0.34088351982641363,0.49490938014890207,0.08014172394718815
374,0.10736930732249111,0.39008026835058124,0.3933165359512868,0.10923388837564078
375,0.10868832947476961,0.3868581494197933,0.38075067330906587,0.12370284779637117
376,0.10441798356654827,0.35339314563233665,0.44122163826470334,0.1009672325364119
377,0.09646598391386701,0.38171714054181566,0.4316915848553236,0.0901252906889939
378,0.09807200227206823,0.37142362999474426,0.43887862200800193,0.09162574572518556
379,0.09615901495167206,0.4289384181094604,0.3809932661100089,0.09390930082885868
380,0.09988799523002648,0.3667969481979809,0.4399926828066962,0.09332237376529647
381,0.09485280125949579,0.39481622842881675,0.40636447497251743,0.1039664953391701
382,0.09857403137495054,0.2963156262821032,0.4672903973506593,0.13781994499228686
383,0.12850958854701336,0.37728492601485986,0.3932374865745824,0.10096799886354423
384,0.08983157431800318,0.4036497834704372,0.3984949495896398,0.10802369262191981
385,0.0854149406635907,0.38380405292628766,0.44736223380297596,0.08341877260714567
386,0.09359938208107996,0.37863705278625154,0.41520903231622786,0.1125545328164406
387,0.09067913586420763,0.37559138133307984,0.42468658586827296,0.1090428969344396
388,0.08913388344891299,0.4082814300157792,0.39539997669377336,0.10718470984153437
389,0.08890539603187106,0.3805979043218264,0.4173592795321585,0.11313742011414418
390,0.07918017050051426,0.394597940367436,0.4435196379582558,0.0827022511737941
391,0.08810707639356387,0.38811619426729344,0.4414587651430085,0.08231796419613412
392,0.08676809525460048,0.3817959489123628,0.4486989045947267,0.08273705123831009
393,0.08628090934893815,0.4029044389497258,0.4070606821042396,0.10375396959709655
394,0.08995314865140465,0.4053942636270842,0.3964827003064823,0.10816988741502878
395,0.08827247845260856,0.41399989882772853,0.3915787641280953,0.10614885859156772
396,0.1028755081019315,0.4074203549537514,0.39249979909553123,0.09720433784878596
397,0.10032921766051725,0.38773657840483194,0.40816916136787823,0.10376504256677264
398,0.11049653967879149,0.3739654646145284,0.40869308800831367,0.10684490769836655
399,0.10736751952322073,0.37879688243548215,0.40963812106273767,0.10419747697855944
400,0.09719956471105486,0.35786874947538355,0.45412103247228347,0.09081065334127818
401,0.10175943945289072,0.39442966451598155,0.4087400877633182,0.09507080826780956
402,0.0925538307243114,0.4121601448372362,0.3994083479291389,0.09587767650931345
403,0.1274980579300755,0.38899956514796685,0.39301236973252207,0.0904900071894357
404,0.1339556805092761,0.35728284047722914,0.41780951807600253,0.09095196093749229
405,0.09321952926399922,0.37300080941120406,0.3717752482219264,0.16200441310287025
406,0.09892138171002689,0.39961855289591025,0.3945152000880574,0.10694486530600555
407,0.08535953164695012,0.41666995345695973,0.3953245145450397,0.10264600035105054
408,0.07992089546577237,0.40780903048698425,0.42879414908946734,0.08347592495777612
409,0.0796945037752309,0.397161143371202,0.42065250444747276,0.10249184840609425
410,0.08164118570859635,0.43292681479363454,0.376101403319031,0.10933059617873792
411,0.07810069616022594,0.4145011123056704,0.4028088767285879,0.10458931480551589
412,0.07503263386610146,0.4331471036797805,0.39133957342147385,0.10048068903264429
413,0.08094781612682264,0.43774290478361905,0.3729072156004128,0.10840206348914543
414,0.07588452590949718,0.456052933992961,0.36644103146292833,0.10162150863461353
415,0.08293850919811156,0.4025863823287991,0.4078112771035504,0.10666383136953882
416,0.08854784127119013,0.41217189260906856,0.3928002799853269,0.10647998613441433
417,0.08831430910581496,0.4137222044948996,0.39176432587703863,0.10619916052224689
418,0.09102521169958436,0.4009707300853998,0.40328985691585967,0.10471420129915608
419,0.09734145678592074,0.400894918313541,0.4199997569317914,0.08176386796874702
420,0.09181191414016304,0.3952554553130174,0.43231895003898924,0.08061368050783037
421,0.09653177177692382,0.4119353822663492,0.3916952947324005,0.09983755122432639
422,0.09810082153794715,0.4186310753133568,0.38180776925907584,0.10146033388962013
423,0.09817023414207841,0.388785945051459,0.42132629997589394,0.09171752083056879
424,0.12582187080753165,0.3401469156067482,0.40981818912031354,0.12421302446540658
425,0.10639425268665967,0.38653782606901554,0.3729299971607409,0.13413792408358383
426,0.09994584592697486,0.3382576035143223,0.46515366279094716,0.09664288776775555
427,0.11341695349110495,0.3654210279977632,0.38503506412622635,0.13612695438490538
428,0.11493868579549771,0.37032393683010295,0.3902011374280521,0.1245362399463471
429,0.09950992648513453,0.3814874340750198,0.40306189268743703,0.11594074675240847
430,0.10636270666371324,0.3994603604326513,0.3913098654679597,0.10286706743567575
431,0.09798548092842584,0.40529879568963306,0.39078266948918,0.10593305389276117
432,0.10930483426270042,0.3950136047826841,0.3899690597421718,0.10571250121244359
433,0.08751178587915044,0.41904978450921837,0.3882043142087348,0.10523411540289641
434,0.08851171549379187,0.41512192590323327,0.4099231835509042,0.08644317505207062
435,0.10155471292440219,0.36233277674150105,0.43108000479703873,0.10503250553705794
436,0.08955379710077527,0.3759681879677723,0.43766053621225864,0.09681747871919366
437,0.08309510341332953,0.42107809545823277,0.3900833249851904,0.10574347614324742
438,0.12817626941181195,0.39750710706790404,0.3779759403151074,0.09634068320517658
439,0.0871634421118565,0.4057332881795731,0.4035002060674551,0.10360306364111527
440,0.09632849578670001,0.3984449835120142,0.401084849518032,0.10414167118325379
441,0.09578318513953359,0.4272619466400087,0.3734027376673791,0.10355213055307848
442,0.09657025215000327,0.4138882137434911,0.3851384977738434,0.1044030363326623
443,0.08596183542138568,0.4293391877409379,0.3813286979877952,0.10337027884988131
444,0.09114902452134864,0.37710571168192697,0.4221373193469665,0.10960794444975797
445,0.08809493323445064,0.3644701922747226,0.4613987413947484,0.08603613309607827
446,0.09508636674079853,0.4080047344829576,0.39306277746669044,0.10384612130955342
447,0.10190806583960607,0.34489855791376445,0.45465311498592614,0.0985402612607032
448,0.10346643581169959,0.3501727190083054,0.4410976057876226,0.10526323939237248
449,0.1061914563103983,0.40675196052722395,0.384207705481239,0.10284887768113875
450,0.1498444098741161,0.3689950767964076,0.36316961177805385,0.11799090155142244
451,0.09638617605699833,0.3737639016065894,0.43979919374700754,0.0900507285894047
452,0.10585729145431111,0.3845870080295617,0.39504515861032163,0.11451054190580555
453,0.09437278404375701,0.38866861868986924,0.3600594491407924,0.15689914812558142
454,0.09478775776355344,0.40806662951975325,0.3946696483554516,0.10247596436124173
455,0.09372042385927169,0.4311846162361602,0.3737729005804045,0.10132205932416345
456,0.08309521026503133,0.40053892926982726,0.4352126055897172,0.08115325487542414
457,0.08202911424041504,0.4259987001281633,0.4062942644222144,0.08567792120920721
458,0.08102569365382323,0.412973414905772,0.401797054066775,0.10420383737362975
459,0.07516903057028003,0.4360222642511748,0.38814535915904785,0.10066334601949753
460,0.07899543614948895,0.4271849858253059,0.40790351696103827,0.0859160610641668
461,0.07527926856944252,0.3988262136793304,0.4440201899351399,0.0818743278160871
462,0.07503000321618813,0.4057410455931426,0.4376257263440101,0.08160322484665913
463,0.07551085990051344,0.40834138259854613,0.4150266473744982,0.10112111012644218
464,0.0650208921128994,0.32254035088067967,0.5253653903339895,0.08707336667243154
465,0.08079953579944063,0.4319567606493433,0.383330718562998,0.10391298498821804
466,0.08026274569267783,0.42422572956512383,0.39337239276316843,0.10213913197902999
467,0.0783960536221275,0.4191076722812168,0.4206130187726563,0.08188325532399943
468,0.07610886347835776,0.47135388516822685,0.3506153188587618,0.10192193249465348
469,0.07879266348340286,0.4264473039730366,0.389244062896833,0.10551596964672764
470,0.07746539651759432,0.4192637745148562,0.3995322819219358,0.1037385470456138
471,0.0802756304243583,0.42604406539055834,0.39657007590007115,0.09711022828501216
472,0.07703191372964673,0.4088288004305113,0.4303587672873311,0.083780518552511
473,0.07830279480346362,0.4155737034160701,0.4113998323614652,0.09472366941900102
474,0.07367267136556002,0.39100041009757874,0.44620435547686,0.08912256306000106
475,0.0769025266387221,0.4077986572380098,0.42226906502567363,0.09302975109759445
476,0.0732234635910195,0.45348416034245026,0.38471322411775233,0.08857915194877801
477,0.0770067216992275,0.4164305803095511,0.4134069010929479,0.09315579689827344
478,0.07745626752404362,0.4188615970386504,0.39995581357312177,0.10372632186418425
479,0.07774830534354865,0.4126308807627994,0.4055034067134461,0.10411740718020586
480,0.07774830534354865,0.4126308807627994,0.4055034067134461,0.10411740718020586
481,0.07301892063385962,0.42116766335032113,0.4263974604896491,0.07941595552617021
482,0.07556054164231195,0.40101983845193195,0.4412393772712658,0.08218024263449036
483,0.07499134168865254,0.4055319749822655,0.4379155070655118,0.08156117626357015
484,0.0737097225330929,0.4156915692910806,0.43043143104108317,0.08016727713474331
485,0.07665992137772439,0.3878004386934401,0.45216370320004756,0.08337593672878789
